19985286060
19985786341
19985819992
19991653748
19991756341
19992616094
19993513712
19993876075
19993913062
19994364269
20007562945
20007674275
20009519122
20009916738
20009950190
20010439896
20036504060
20036783633
20040991446
20042115459
20041993314
20043075699
20072168554
20072438310
20076678162
20077590370
20077670808
20078784117
20107171662
20107457071
20111535166
20112669112
20112529645
20113617405
20141533820
20141780859
20145655933
20146693969
20146598411
20147776508
20195211045
20195319907
20197091242
20197470620
